0000090000000000
0000000000000000
00000f0000000000
0000000000000000
0000040000000000
0000000000000000
00000a0000000000
0000000000000000
00002c0000000000
0000000000000000
00000c0000000000
0000000000000000
0000160000000000
0000000000000000
00002c0000000000
0000000000000000
00001a0000000000
0000000000000000
0000200000000000
0000000000000000
0000110000000000
0000000000000000
0000200000000000
0000000000000000
0000200000000000
0000000000000000
0000070000000000
0000000000000000
0000100000000000
0000000000000000
0000120000000000
0000000000000000
0000150000000000
0000000000000000
0000200000000000
0000000000000000
0000090000000000
0000000000000000
0000150000000000
0000000000000000
0000080000000000
0000000000000000
0000080000000000
0000000000000000
0000070000000000
0000000000000000
0000120000000000
0000000000000000
0000100000000000
0000000000000000
